FIGURE: CAE
MOVES: →→→↓↓↵
SCORE: 236
==============================================
      
  D   
  A   
 BC   
DDEEC 
BDCBE 
CBBAE 
DEAEDB
BCDDBD
CEAACA
EDABAE
CEBBCD
----------------------------------------------
0, 0, 0, 0, 0, 0, 
0, 0, 1630, 0, 0, 0, 
0, 0, 1623, 0, 0, 0, 
0, 1597, 1595, 0, 0, 0, 
1596, 1586, 1587, 1557, 1629, 0, 
1588, 1558, 1556, 1551, 1622, 0, 
1482, 1491, 1474, 1496, 1438, 0, 
1435, 1512, 1513, 1514, 1515, 1628, 
1589, 1590, 1591, 1592, 1593, 1624, 
1598, 1599, 1600, 1601, 1602, 1471, 
1604, 1605, 1606, 1607, 1608, 1609, 
1616, 1617, 1618, 1619, 1620, 1621, 
==============================================
==============================================
      
      
      
      
      
      
      
      
 B   B
CE   A
BD BCE
CE BCD
----------------------------------------------
0, 0, 0, 0, 0, 0, 
0, 0, 0, 0, 0, 0, 
0, 0, 0, 0, 0, 0, 
0, 0, 0, 0, 0, 0, 
0, 0, 0, 0, 0, 0, 
0, 0, 0, 0, 0, 0, 
0, 0, 0, 0, 0, 0, 
0, 0, 0, 0, 0, 0, 
0, 1597, 0, 0, 0, 1628, 
1482, 1512, 0, 0, 0, 1471, 
1589, 1605, 0, 1551, 1602, 1609, 
1616, 1617, 0, 1619, 1620, 1621, 
==============================================
YUCK: BBABAD
YUCK: ADCBBE
YUCK: AADACE
YUCK: DABDBA
YUCK: AACBEA
YUCK: ACBBDD

Game over!